Agent 0:(16,5,0)->(17,5,1)->(18,5,2)->(18,6,3)->(18,7,4)->(19,7,5)->(20,7,6)->(20,8,7)->(20,9,8)->(20,10,9)->(20,11,10)->(21,11,11)->(22,11,12)->(23,11,13)->(24,11,14)->(25,11,15)->(26,11,16)->(27,11,17)->(27,12,18)->(27,13,19)->(27,14,20)->(27,15,21)->(27,16,22)->(27,17,23)->(27,18,24)->(27,19,25)->(27,20,26)->(27,21,27)->(27,22,28)->(27,23,29)->(26,23,30)->(26,24,31)->(26,25,32)->(26,26,33)->(26,27,34)->(26,28,35)->(26,29,36)->(25,29,37)->(24,29,38)->(24,30,39)->(24,31,40)->
Agent 1:(29,21,0)->(29,22,1)->(28,22,2)->(27,22,3)->(26,22,4)->(25,22,5)->(25,23,6)->(25,24,7)->(24,24,8)->(24,25,9)->(23,25,10)->(22,25,11)->(22,24,12)->
Agent 2:(1,27,0)->(2,27,1)->(3,27,2)->(3,28,3)->(4,28,4)->(5,28,5)->(6,28,6)->(7,28,7)->(8,28,8)->(8,29,9)->(9,29,10)->(10,29,11)->(10,28,12)->(11,28,13)->(12,28,14)->(13,28,15)->(14,28,16)->(15,28,17)->(16,28,18)->(16,27,19)->(17,27,20)->(18,27,21)->(19,27,22)->(19,28,23)->(19,29,24)->(19,30,25)->(20,30,26)->(21,30,27)->(21,29,28)->(22,29,29)->(23,29,30)->(23,28,31)->
Agent 3:(14,20,0)->(14,19,1)->(14,18,2)->(15,18,3)->(16,18,4)->(16,17,5)->(17,17,6)->(17,16,7)->(18,16,8)->(18,15,9)->(19,15,10)->(20,15,11)->(21,15,12)->(21,14,13)->(21,13,14)->(21,12,15)->(21,11,16)->(22,11,17)->(23,11,18)->(24,11,19)->(25,11,20)->(26,11,21)->(27,11,22)->(27,12,23)->(27,13,24)->(27,14,25)->(27,15,26)->(27,16,27)->(28,16,28)->
Agent 4:(25,29,0)->(24,29,1)->(23,29,2)->(23,28,3)->(22,28,4)->(22,27,5)->(22,26,6)->(22,25,7)->(22,24,8)->(22,23,9)->(22,22,10)->(22,21,11)->(22,20,12)->(21,20,13)->(21,19,14)->(20,19,15)->(20,18,16)->(20,17,17)->(21,17,18)->(21,16,19)->(21,15,20)->(21,14,21)->(21,13,22)->(21,12,23)->(21,11,24)->(20,11,25)->(20,10,26)->(20,9,27)->(19,9,28)->(19,8,29)->(19,7,30)->(18,7,31)->
Agent 5:(8,25,0)->(9,25,1)->(9,24,2)->(9,23,3)->(9,22,4)->(9,21,5)->(10,21,6)->(10,20,7)->(10,19,8)->(10,18,9)->(10,17,10)->(10,16,11)->(9,16,12)->(9,15,13)->(9,14,14)->(9,13,15)->(9,12,16)->(9,11,17)->(9,10,18)->(9,9,19)->(9,8,20)->(9,7,21)->(9,6,22)->(9,5,23)->(8,5,24)->
Agent 6:(30,23,0)->(30,22,1)->(30,21,2)->(30,20,3)->(29,20,4)->(28,20,5)->(27,20,6)->(27,19,7)->(27,18,8)->(27,17,9)->(27,16,10)->(27,15,11)->(27,14,12)->(28,14,13)->(28,13,14)->(28,12,15)->
Agent 7:(23,20,0)->(24,20,1)->(25,20,2)->(25,21,3)->(25,22,4)->(25,23,5)->(26,23,6)->(27,23,7)->(28,23,8)->(28,24,9)->(28,25,10)->
Agent 8:(9,15,0)->(9,15,1)->(9,15,2)->(9,15,3)->(9,15,4)->(9,15,5)->(9,15,6)->(10,15,7)->(10,15,8)->(10,15,9)->(10,16,10)->(11,16,11)->(12,16,12)->(12,16,13)->(12,17,14)->(11,17,15)->
Agent 9:(7,11,0)->(7,10,1)->(7,9,2)->(7,8,3)->(6,8,4)->(6,7,5)->(5,7,6)->(4,7,7)->(4,6,8)->(4,5,9)->(5,5,10)->(5,4,11)->(5,3,12)->(4,3,13)->(3,3,14)->(3,2,15)->(3,1,16)->(3,0,17)->
Agent 10:(18,12,0)->(18,13,1)->(18,14,2)->(18,15,3)->(18,16,4)->(17,16,5)->(16,16,6)->(15,16,7)->(14,16,8)->(14,17,9)->(14,18,10)->(14,19,11)->(14,20,12)->(14,21,13)->(14,22,14)->(15,22,15)->(15,23,16)->(15,24,17)->(15,25,18)->(15,26,19)->(14,26,20)->(14,27,21)->(14,28,22)->
Agent 11:(30,30,0)->(30,29,1)->(30,28,2)->(29,28,3)->(28,28,4)->(28,27,5)->(27,27,6)->(26,27,7)->(26,26,8)->(26,25,9)->(26,24,10)->(26,23,11)->(25,23,12)->(25,22,13)->(25,21,14)->(25,20,15)->(24,20,16)->(23,20,17)->(22,20,18)->(21,20,19)->(21,19,20)->(20,19,21)->(20,18,22)->(20,17,23)->
Agent 12:(22,22,0)->(22,22,1)->(22,22,2)->(22,22,3)->(22,23,4)->(22,24,5)->(22,25,6)->(23,25,7)->(22,25,8)->(22,26,9)->(22,27,10)->(22,28,11)->(23,28,12)->(23,29,13)->(23,30,14)->(23,31,15)->
Agent 13:(27,3,0)->(26,3,1)->(26,4,2)->(26,5,3)->(25,5,4)->(24,5,5)->(24,6,6)->(23,6,7)->(22,6,8)->(21,6,9)->(20,6,10)->(20,7,11)->(20,8,12)->(20,9,13)->(20,10,14)->(20,11,15)->(19,11,16)->(19,12,17)->(18,12,18)->(17,12,19)->(16,12,20)->(15,12,21)->(14,12,22)->(13,12,23)->(13,13,24)->(13,14,25)->(12,14,26)->(11,14,27)->(11,15,28)->(10,15,29)->(9,15,30)->(8,15,31)->(7,15,32)->(6,15,33)->(6,16,34)->(5,16,35)->(5,17,36)->(5,18,37)->(4,18,38)->(4,19,39)->(3,19,40)->(2,19,41)->(2,20,42)->(2,21,43)->(2,22,44)->(1,22,45)->(1,23,46)->(1,24,47)->(0,24,48)->
Agent 14:(26,27,0)->(26,26,1)->(27,26,2)->(27,25,3)->(27,24,4)->(27,23,5)->(27,22,6)->(27,21,7)->(27,20,8)->(27,19,9)->(27,18,10)->(27,17,11)->(27,16,12)->(27,15,13)->(27,14,14)->(26,14,15)->(26,13,16)->(25,13,17)->(25,12,18)->(25,11,19)->(25,10,20)->(25,9,21)->(25,8,22)->(25,7,23)->
Agent 15:(9,0,0)->(8,0,1)->(7,0,2)->(6,0,3)->(5,0,4)->(5,1,5)->(5,2,6)->(5,3,7)->(4,3,8)->(4,4,9)->(4,5,10)->(4,6,11)->(4,7,12)->(4,8,13)->(3,8,14)->(3,9,15)->(3,10,16)->(3,11,17)->(3,12,18)->(3,13,19)->(3,14,20)->(3,15,21)->(2,15,22)->(2,16,23)->(2,17,24)->(2,18,25)->(2,19,26)->(3,19,27)->(3,20,28)->(3,21,29)->(3,22,30)->(3,23,31)->(3,24,32)->(3,25,33)->(3,26,34)->(3,27,35)->(3,28,36)->(4,28,37)->(4,29,38)->
Agent 16:(14,6,0)->(13,6,1)->(13,7,2)->(13,8,3)->(13,9,4)->(13,10,5)->(13,11,6)->(13,12,7)->(13,13,8)->(13,14,9)->(13,15,10)->(13,16,11)->(13,17,12)->(12,17,13)->(11,17,14)->(10,17,15)->(10,18,16)->(9,18,17)->(8,18,18)->
Agent 17:(20,24,0)->(19,24,1)->(19,25,2)->(18,25,3)->(18,26,4)->(18,27,5)->(17,27,6)->(17,28,7)->
Agent 18:(15,6,0)->(14,6,1)->(14,7,2)->(13,7,3)->(12,7,4)->(12,6,5)->(12,5,6)->(11,5,7)->(10,5,8)->(10,4,9)->(10,3,10)->(11,3,11)->(11,2,12)->(11,1,13)->(11,0,14)->(12,0,15)->(13,0,16)->(14,0,17)->(14,1,18)->(15,1,19)->(15,2,20)->(15,3,21)->(16,3,22)->(17,3,23)->(17,2,24)->(18,2,25)->(19,2,26)->(20,2,27)->(21,2,28)->(21,1,29)->(21,0,30)->(22,0,31)->(23,0,32)->(23,1,33)->(23,2,34)->(23,3,35)->(23,3,36)->(24,3,37)->
Agent 19:(19,17,0)->(19,17,1)->(19,17,2)->(19,17,3)->(19,17,4)->(19,17,5)->(19,17,6)->(19,17,7)->(19,17,8)->(19,17,9)->(19,17,10)->(19,17,11)->(19,17,12)->(19,17,13)->(19,17,14)->(19,17,15)->(19,17,16)->(19,17,17)->(20,17,18)->(20,16,19)->(21,16,20)->(21,15,21)->(21,14,22)->(21,13,23)->(21,12,24)->(21,11,25)->
Agent 20:(7,18,0)->(8,18,1)->(9,18,2)->(10,18,3)->(10,17,4)->(10,16,5)->(10,15,6)->(11,15,7)->(11,14,8)->(12,14,9)->(13,14,10)->(14,14,11)->(15,14,12)->(16,14,13)->(17,14,14)->(18,14,15)->(18,13,16)->(18,12,17)->(18,11,18)->(19,11,19)->(20,11,20)->(20,10,21)->(21,10,22)->(22,10,23)->(23,10,24)->(23,9,25)->(24,9,26)->(25,9,27)->(26,9,28)->(27,9,29)->(28,9,30)->(28,8,31)->
Agent 21:(15,4,0)->(15,5,1)->(15,6,2)->(15,7,3)->(14,7,4)->(13,7,5)->(12,7,6)->(11,7,7)->(10,7,8)->
Agent 22:(10,9,0)->(10,10,1)->(10,11,2)->(9,11,3)->(9,12,4)->(9,13,5)->(9,14,6)->(9,15,7)->(9,16,8)->(10,16,9)->(11,16,10)->(11,17,11)->(10,17,12)->(10,18,13)->(10,19,14)->
Agent 23:(27,0,0)->(26,0,1)->(25,0,2)->(25,1,3)->(25,2,4)->(24,2,5)->(23,2,6)->(23,3,7)->(22,3,8)->(21,3,9)->(21,4,10)->(21,5,11)->(20,5,12)->(20,6,13)->(20,7,14)->(19,7,15)->(18,7,16)->(17,7,17)->(16,7,18)->(16,8,19)->(16,9,20)->(15,9,21)->(14,9,22)->(13,9,23)->(12,9,24)->(11,9,25)->(10,9,26)->(9,9,27)->(9,10,28)->(8,10,29)->(8,11,30)->(7,11,31)->(7,12,32)->(7,13,33)->(7,14,34)->(7,15,35)->(7,16,36)->(7,17,37)->(7,18,38)->(7,19,39)->(7,20,40)->(6,20,41)->(6,21,42)->(6,22,43)->(6,23,44)->(6,24,45)->(6,25,46)->(6,26,47)->
Agent 24:(27,27,0)->(26,27,1)->(26,26,2)->(26,25,3)->(26,24,4)->(25,24,5)->(24,24,6)->(24,25,7)->(23,25,8)->(22,25,9)->(21,25,10)->(21,24,11)->(20,24,12)->(19,24,13)->(19,25,14)->
Agent 25:(27,31,0)->(27,30,1)->(26,30,2)->(25,30,3)->(25,29,4)->(24,29,5)->(23,29,6)->(22,29,7)->(21,29,8)->(21,30,9)->(20,30,10)->(19,30,11)->(19,29,12)->(19,28,13)->(18,28,14)->(18,27,15)->(17,27,16)->(16,27,17)->(15,27,18)->(14,27,19)->(13,27,20)->(12,27,21)->(12,28,22)->(12,29,23)->(11,29,24)->(10,29,25)->(10,30,26)->(9,30,27)->(8,30,28)->(7,30,29)->(6,30,30)->(6,29,31)->(5,29,32)->(4,29,33)->(4,30,34)->(4,31,35)->
Agent 26:(0,13,0)->(1,13,1)->(2,13,2)->(3,13,3)->(4,13,4)->(5,13,5)->(6,13,6)->(6,14,7)->(6,15,8)->(7,15,9)->(8,15,10)->(9,15,11)->(10,15,12)->(11,15,13)->(11,16,14)->(12,16,15)->(13,16,16)->(14,16,17)->(14,17,18)->(14,18,19)->(14,19,20)->(14,20,21)->(14,21,22)->(15,21,23)->(16,21,24)->(17,21,25)->(18,21,26)->(18,20,27)->(19,20,28)->(20,20,29)->(21,20,30)->(22,20,31)->(23,20,32)->(23,19,33)->
Agent 27:(20,13,0)->(21,13,1)->(22,13,2)->(22,14,3)->(23,14,4)->(23,15,5)->(24,15,6)->(24,15,7)->(24,15,8)->(24,15,9)->(24,15,10)->(24,15,11)->(24,15,12)->(24,15,13)->(24,15,14)->(24,15,15)->(24,15,16)->(24,15,17)->(24,15,18)->(24,15,19)->(24,15,20)->(24,15,21)->(24,15,22)->(24,15,23)->(25,15,24)->(25,14,25)->
Agent 28:(20,21,0)->(20,21,1)->(20,21,2)->(20,21,3)->(20,21,4)->(20,21,5)->(20,21,6)->(20,21,7)->(20,21,8)->(20,21,9)->(20,21,10)->(20,21,11)->(20,21,12)->(20,21,13)->(20,21,14)->(20,21,15)->(20,21,16)->(20,21,17)->(20,21,18)->(20,21,19)->(20,21,20)->(20,21,21)->(20,21,22)->(20,21,23)->(20,21,24)->(20,21,25)->(20,21,26)->(20,21,27)->(20,21,28)->(20,21,29)->(20,21,30)->(20,21,31)->(20,21,32)->(20,21,33)->(20,21,34)->(20,21,35)->(20,21,36)->(20,21,37)->(20,20,38)->(21,20,39)->(22,20,40)->(22,21,41)->(22,22,42)->(22,23,43)->
Agent 29:(18,3,0)->(17,3,1)->(17,4,2)->(17,5,3)->(17,6,4)->(17,7,5)->(16,7,6)->(16,8,7)->(16,9,8)->(16,10,9)->(16,11,10)->(16,12,11)->(16,13,12)->(16,13,13)->(16,14,14)->(15,14,15)->(14,14,16)->(14,15,17)->(14,16,18)->(13,16,19)->(13,17,20)->(12,17,21)->(12,18,22)->(12,19,23)->(12,20,24)->(12,21,25)->(12,22,26)->(12,23,27)->(11,23,28)->(10,23,29)->(9,23,30)->
Agent 30:(28,26,0)->(28,25,1)->(28,25,2)->(28,24,3)->(28,24,4)->(27,24,5)->(26,24,6)->(26,23,7)->(26,22,8)->(25,22,9)->(25,21,10)->(25,20,11)->(24,20,12)->(23,20,13)->(22,20,14)->(21,20,15)->(20,20,16)->(19,20,17)->(18,20,18)->(18,21,19)->(17,21,20)->(17,22,21)->(16,22,22)->(15,22,23)->(15,23,24)->
Agent 31:(13,16,0)->(13,17,1)->(12,17,2)->(12,18,3)->(12,19,4)->(12,20,5)->(12,21,6)->(11,21,7)->(10,21,8)->(9,21,9)->(8,21,10)->(8,22,11)->(8,23,12)->(7,23,13)->(7,24,14)->(7,25,15)->(6,25,16)->(5,25,17)->(4,25,18)->(3,25,19)->(2,25,20)->
Agent 32:(27,4,0)->(26,4,1)->(25,4,2)->(24,4,3)->(24,5,4)->(24,6,5)->(24,7,6)->(24,8,7)->(23,8,8)->
Agent 33:(11,8,0)->(11,9,1)->(12,9,2)->(13,9,3)->(13,10,4)->(13,11,5)->(13,12,6)->(13,13,7)->(13,14,8)->(14,14,9)->(14,15,10)->(14,16,11)->(14,17,12)->(14,18,13)->(14,19,14)->(14,20,15)->(14,21,16)->(15,21,17)->(15,22,18)->(15,23,19)->(15,24,20)->(15,25,21)->(15,26,22)->(15,27,23)->(15,28,24)->(15,29,25)->(15,30,26)->
Agent 34:(1,31,0)->(1,30,1)->(1,29,2)->(1,28,3)->(1,27,4)->(1,26,5)->(2,26,6)->(2,25,7)->(3,25,8)->(3,24,9)->(3,23,10)->(3,22,11)->(4,22,12)->(4,21,13)->(4,20,14)->(4,19,15)->(5,19,16)->(5,18,17)->(5,17,18)->(5,16,19)->(6,16,20)->(6,15,21)->(7,15,22)->(7,14,23)->(8,14,24)->(8,13,25)->(9,13,26)->
Agent 35:(22,31,0)->(23,31,1)->(24,31,2)->(24,30,3)->(25,30,4)->(26,30,5)->(26,29,6)->(26,28,7)->(26,27,8)->(27,27,9)->(27,26,10)->(27,25,11)->(27,24,12)->(27,23,13)->(27,22,14)->(27,21,15)->(27,20,16)->(27,19,17)->(27,18,18)->(26,18,19)->(26,17,20)->(26,16,21)->(26,15,22)->(25,15,23)->(25,14,24)->(25,13,25)->(25,12,26)->(24,12,27)->(24,11,28)->(24,10,29)->(24,9,30)->(24,8,31)->(24,7,32)->(24,6,33)->(24,5,34)->(24,4,35)->(24,3,36)->(24,2,37)->(24,1,38)->(24,0,39)->(23,0,40)->
Agent 36:(13,15,0)->(13,16,1)->(13,17,2)->(12,17,3)->(12,18,4)->(12,19,5)->(11,19,6)->
Agent 37:(26,7,0)->(25,7,1)->(25,8,2)->(24,8,3)->(24,9,4)->(24,10,5)->(24,11,6)->(24,11,7)->(24,12,8)->(24,13,9)->(24,14,10)->
Agent 38:(24,25,0)->(24,24,1)->(25,24,2)->(25,23,3)->(26,23,4)->(26,23,5)->(27,23,6)->(27,22,7)->(27,21,8)->(27,20,9)->(27,19,10)->(27,18,11)->(27,17,12)->(27,16,13)->(26,16,14)->(26,15,15)->(26,14,16)->(26,13,17)->
Agent 39:(21,8,0)->(22,8,1)->(22,9,2)->(23,9,3)->(23,10,4)->(23,11,5)->(23,12,6)->(24,12,7)->(24,13,8)->(24,14,9)->(25,14,10)->(26,14,11)->(26,15,12)->(26,16,13)->(26,17,14)->(26,18,15)->(26,19,16)->(26,19,17)->(27,19,18)->(27,20,19)->(27,21,20)->(27,22,21)->(27,23,22)->(27,24,23)->(27,25,24)->(27,26,25)->(27,27,26)->(27,28,27)->
Agent 40:(3,21,0)->(3,20,1)->(2,20,2)->(2,19,3)->(2,18,4)->(1,18,5)->(1,17,6)->(1,16,7)->(1,15,8)->(1,14,9)->(1,13,10)->(1,12,11)->(1,11,12)->(1,10,13)->(1,9,14)->(2,9,15)->(2,8,16)->(2,7,17)->(2,6,18)->
Agent 41:(30,10,0)->(31,10,1)->(31,11,2)->(31,12,3)->(31,13,4)->(30,13,5)->(29,13,6)->(29,12,7)->(28,12,8)->(27,12,9)->(26,12,10)->
Agent 42:(7,0,0)->(6,0,1)->(6,1,2)->(6,2,3)->(6,3,4)->(6,4,5)->(7,4,6)->(8,4,7)->(8,5,8)->(9,5,9)->(10,5,10)->(11,5,11)->(12,5,12)->(13,5,13)->(13,6,14)->(13,7,15)->(13,8,16)->(13,9,17)->(13,10,18)->(13,11,19)->(13,12,20)->(13,13,21)->(13,14,22)->(13,15,23)->(13,16,24)->(14,16,25)->(14,17,26)->(14,18,27)->(14,19,28)->(14,20,29)->(14,21,30)->(15,21,31)->(16,21,32)->(17,21,33)->(18,21,34)->(19,21,35)->(19,20,36)->(20,20,37)->(21,20,38)->(22,20,39)->(22,21,40)->(22,22,41)->(22,23,42)->(23,23,43)->
Agent 43:(12,30,0)->(12,29,1)->(11,29,2)->(11,28,3)->(11,27,4)->(11,26,5)->(11,25,6)->(12,25,7)->(12,24,8)->(12,23,9)->(12,22,10)->(12,21,11)->(12,20,12)->(12,19,13)->(12,18,14)->(12,17,15)->(13,17,16)->(13,16,17)->(13,15,18)->(14,15,19)->(14,14,20)->(15,14,21)->(16,14,22)->(17,14,23)->(18,14,24)->(18,13,25)->(18,12,26)->(18,11,27)->(19,11,28)->(20,11,29)->(20,10,30)->(20,9,31)->(20,8,32)->(20,7,33)->(20,6,34)->(21,6,35)->(21,5,36)->(21,4,37)->(21,3,38)->(22,3,39)->
Agent 44:(4,28,0)->(5,28,1)->(6,28,2)->(7,28,3)->(8,28,4)->(8,29,5)->(9,29,6)->(10,29,7)->(11,29,8)->(11,28,9)->(11,27,10)->(11,26,11)->(11,25,12)->(11,24,13)->(11,23,14)->(12,23,15)->(13,23,16)->(13,22,17)->(14,22,18)->(14,21,19)->(15,21,20)->(16,21,21)->(17,21,22)->(18,21,23)->(19,21,24)->(19,20,25)->(20,20,26)->(21,20,27)->(22,20,28)->(23,20,29)->(24,20,30)->(25,20,31)->(25,19,32)->(25,18,33)->(26,18,34)->(27,18,35)->(27,17,36)->(27,16,37)->(26,16,38)->
Agent 45:(4,25,0)->(5,25,1)->(5,24,2)->(5,23,3)->(6,23,4)->(7,23,5)->(8,23,6)->(9,23,7)->(10,23,8)->(11,23,9)->(12,23,10)->(13,23,11)->(13,22,12)->(13,21,13)->(14,21,14)->(15,21,15)->(16,21,16)->(17,21,17)->(18,21,18)->(19,21,19)->(19,20,20)->(20,20,21)->(21,20,22)->(22,20,23)->(23,20,24)->(23,19,25)->(24,19,26)->(24,18,27)->(25,18,28)->(25,17,29)->(26,17,30)->
Agent 46:(24,18,0)->(24,19,1)->(24,20,2)->(23,20,3)->(22,20,4)->(21,20,5)->(20,20,6)->(19,20,7)->(18,20,8)->(18,21,9)->(17,21,10)->(16,21,11)->(15,21,12)->(15,22,13)->(15,23,14)->(15,24,15)->(14,24,16)->(14,25,17)->(13,25,18)->(12,25,19)->(11,25,20)->(11,26,21)->(11,27,22)->(11,28,23)->(10,28,24)->(10,28,25)->(10,29,26)->(9,29,27)->(8,29,28)->(8,28,29)->(7,28,30)->
Agent 47:(22,26,0)->(22,25,1)->(22,24,2)->(22,23,3)->(23,23,4)->(22,23,5)->(22,24,6)->(22,23,7)->(22,22,8)->(22,21,9)->(22,20,10)->(21,20,11)->(20,20,12)->(20,19,13)->(20,18,14)->(20,17,15)->(20,16,16)->(21,16,17)->(21,15,18)->(21,14,19)->(21,13,20)->(21,12,21)->(21,11,22)->(22,11,23)->(22,10,24)->(23,10,25)->(24,10,26)->(25,10,27)->
Agent 48:(7,23,0)->(6,23,1)->(6,24,2)->(5,24,3)->(5,25,4)->(5,26,5)->(4,26,6)->(3,26,7)->(3,27,8)->(3,28,9)->(4,28,10)->(4,29,11)->(4,30,12)->(3,30,13)->(2,30,14)->
Agent 49:(30,24,0)->(29,24,1)->(28,24,2)->(27,24,3)->(27,23,4)->(27,22,5)->(26,22,6)->(25,22,7)->(25,21,8)->(25,20,9)->(24,20,10)->(23,20,11)->(23,20,12)->(22,20,13)->(21,20,14)->(20,20,15)->(20,19,16)->(20,18,17)->(20,18,18)->(20,17,19)->(19,17,20)->(18,17,21)->(18,16,22)->(17,16,23)->(16,16,24)->(15,16,25)->(14,16,26)->(13,16,27)->(12,16,28)->(11,16,29)->
